camera_matrix:
505.045106 0.000000 308.875448
0.000000 505.162560 246.552722
0.000000 0.000000 1.000000

